#SPRITE 6
rtUP/DOWN 1
0	133 1 42 60
rtLeft 3
0	55 1 34 60
1	28 1 26 60
2	1 1 26 60
rtRight 3
0	176 1 34 60
1	211 1 26 60
2	238 1 26 60
rtBullet 3
0	265 1 3 12
1	269 1 6 23
2	276 1 8 23
rtExplosion 12
0	1 142 41 41 
1	43 142 38 43 
2	82 142 36 43 
3	119 142 35 45
4	155 142 34 46
5	190 142 34 41
6	225 142 33 38
7	259 142 31 36
8	291 142 29 32
9	321 142 27 26
10	349 142 24 24
11	374 142 22 18	
rtBomb 9 
0	161 85 11 12
1	173 85 22 20
2	196 85 26 24
3	223 85 28 24
4	252 85 30 24
5	283 85 29 22
6	313 85 22 20
7	336 85 16 15
8	353 85 4 6
rtClash 6
0 161 62 12 11
1 174 62 20 20
2 195 62 22 21
3 219 62 18 19
4 238 62 14 13
5 253 62 11 10